x
0.000000000000000 1.000000000000000
101 1.056848629109433 14.02432468291372
102 9.311665525442645 67.29722171398020
103 9.508074472975033e-05 259.2218934195019
104 0.007812500000000000 0.6328125000000000
105 0.009750935582278776 16.10036935661732
106 9.001646158510793 25.41353057025751
112 9.230690352794720 29.46175793139981
114 0.01092372876613901 21.41060481055976
115 0.007487625667948999 12.95762012736440
201 1.000000000000000 64.00000000000000
202 2.976252243480439e-06 8.111503185880007
203 -138.1853774171823 21.85218117332946
